Linear Access Times:
		1		3		7		14		28		56
32		81.092606		40.745983		21.004288		11.004928		5.826560		3.104768		
64		27.493376		14.500864		7.223296		3.770368		2.000896		1.099776		
128		12.194816		6.203392		3.182592		1.687552		0.907264		0.509952		
256		6.233088		3.192832		1.670144		0.891904		0.484352		0.284672		
512		3.144704		1.669120		0.834560		0.464896		0.263168		0.157696		
1024		1.592320		0.834560		0.437248		0.252928		0.151552		0.095232		

Consecutive Access Times:
		1		3		7		14		28		56
32		74.770432		37.813248		19.895296		10.248192		5.391360		2.843648		
64		21.632000		11.456512		5.675008		3.064832		1.626112		0.886784		
128		9.870336		4.502528		2.386944		1.290240		0.652288		0.371712		
256		4.482048		2.313216		1.262592		0.602112		0.350208		0.201728		
512		2.305024		1.238016		0.571392		0.349184		0.199680		0.125952		
1024		1.229824		0.565248		0.315392		0.197632		0.134144		0.089088		
